21	110	0.916799
21	219	0.921739
21	1184	0.906039
21	4918	0.902668
21	5394	0.905925
21	5665	0.917308
23	2053	0.915998
23	3453	0.914205
23	5354	0.910661
27	190	0.900223
34	1121	0.925980
34	1677	0.902515
34	1981	0.912833
36	394	0.912663
40	184	0.901942
40	448	0.922550
40	790	0.902783
54	3071	0.907177
54	3926	0.938259
54	5205	0.905082
54	5294	0.904952
65	299	0.938417
65	879	0.937079
65	880	0.934369
65	1678	0.908339
65	2881	0.904839
65	4167	0.901042
65	5691	0.914237
65	5792	0.925710
65	5949	0.920566
65	5988	0.923223
65	5989	0.915683
79	4337	0.931078
79	5694	0.904137
97	305	0.964703
97	2704	0.949106
99	140	0.913851
99	279	0.902180
101	102	0.966138
101	103	0.942561
101	219	0.949435
101	220	0.974761
101	1183	0.942251
101	1184	0.954349
101	2827	0.910754
101	3750	0.923225
101	4603	0.957651
101	4604	0.942816
101	4697	0.909025
102	103	0.941717
102	219	0.956806
102	220	0.948073
102	1183	0.917688
102	1184	0.957275
102	4603	0.919373
102	4604	0.908860
103	219	0.945571
103	220	0.922125
103	1183	0.907786
103	1184	0.924880
103	4603	0.920440
103	4604	0.908191
107	3538	0.900447
107	3872	0.910603
107	4966	0.905434
107	5992	0.928610
115	129	0.910948
129	5026	0.913217
133	519	0.943106
133	1110	0.933347
133	4219	0.906005
155	2053	0.924242
155	3071	0.905871
155	3453	0.901962
155	4394	0.921513
168	4577	0.913719
183	1599	0.923242
183	3761	0.917791
183	4473	0.909079
183	4689	0.922959
183	4997	0.909786
184	567	0.934916
184	3081	0.922234
184	3761	0.916072
184	4525	0.900224
208	210	0.960324
208	1824	0.920466
209	1566	0.901132
209	1821	0.906028
209	1823	0.925939
215	577	0.901290
215	717	0.914530
215	2744	0.900318
215	3419	0.908420
215	4488	0.903563
215	4851	0.906003
219	220	0.963076
219	1183	0.956910
219	1184	0.961359
219	4603	0.970206
219	4604	0.949577
219	5665	0.925047
220	1183	0.976913
220	1184	0.976507
220	3544	0.909183
220	4603	0.972060
220	4604	0.972438
220	5394	0.911511
220	5395	0.915379
220	5665	0.909301
221	401	0.949350
226	5823	0.904404
229	2315	0.914815
246	452	0.925081
246	647	0.934718
246	649	0.937022
246	783	0.921564
246	883	0.953092
246	1044	0.911352
246	1121	0.906950
246	2053	0.926364
246	2290	0.948536
246	2557	0.935323
246	2934	0.926785
246	2957	0.927709
246	3453	0.922196
246	3980	0.909484
246	4243	0.952384
246	5763	0.917207
252	598	0.954104
252	717	0.969500
252	742	0.909057
252	757	0.927379
252	1914	0.917690
252	2744	0.921139
252	2784	0.932770
252	3031	0.940275
252	3093	0.980857
252	4850	0.909402
252	4953	0.949387
252	5627	0.916776
252	5730	0.977135
255	519	0.911984
264	994	0.958393
280	300	0.902263
281	2491	0.900932
281	2707	0.912196
281	3754	0.906755
281	4162	0.906193
290	400	0.920611
299	723	0.951611
299	872	0.907581
299	879	0.973254
299	880	0.971562
299	1058	0.928229
299	1637	0.961202
299	2296	0.940496
299	2297	0.957369
299	2334	0.916940
299	2639	0.901723
299	2773	0.939313
299	2844	0.931859
299	2997	0.936086
299	3423	0.959873
299	3641	0.905092
299	3808	0.943560
299	3887	0.923140
299	4188	0.912654
299	4458	0.951263
299	4992	0.944993
299	5074	0.942403
299	5182	0.915532
299	5691	0.924811
299	5792	0.969377
299	5934	0.903141
299	5949	0.960767
299	5988	0.902127
299	5989	0.923811
305	2704	0.901276
344	5952	0.903920
358	2318	0.900233
358	2557	0.917965
363	2317	0.905457
392	5476	0.906665
394	396	0.949734
419	742	0.901191
419	2462	0.901149
419	3005	0.937361
419	5631	0.905436
421	755	0.901028
421	2323	0.921382
448	3081	0.909937
448	3761	0.915657
452	471	0.902853
452	2290	0.918303
452	2390	0.919003
452	2557	0.960134
452	2957	0.929049
452	3453	0.913241
452	3482	0.935251
452	4243	0.937881
452	5354	0.914705
457	5847	0.906232
467	1098	0.909644
471	2557	0.925936
471	4243	0.900342
473	1137	0.935378
473	2882	0.919630
473	4617	0.900158
483	1371	0.924461
487	1011	0.905853
488	1941	0.900144
491	1035	0.917005
493	1029	0.922027
501	1137	0.920698
505	720	0.931706
513	1029	0.940721
513	1371	0.905894
517	557	0.900768
517	1377	0.911310
517	1734	0.910535
518	1109	0.938261
518	2253	0.913527
519	1110	0.911424
519	4281	0.914112
519	5693	0.942565
519	5933	0.930089
523	1336	0.900204
523	1550	0.931395
523	1717	0.922831
523	2070	0.914822
523	2153	0.933207
523	2393	0.939125
523	3173	0.912888
523	3243	0.906725
523	3527	0.919003
523	3987	0.916870
523	4287	0.925895
523	4379	0.912755
523	4686	0.944777
523	5493	0.921397
523	5626	0.915298
523	5974	0.904044
524	526	0.909570
527	529	0.948953
529	2254	0.907148
529	2441	0.911639
529	2881	0.932326
529	3104	0.940425
529	4164	0.901491
529	4166	0.927722
529	4167	0.915335
529	4880	0.917731
529	6017	0.906051
532	560	0.926846
532	584	0.905523
542	564	0.931386
542	1545	0.905723
545	547	0.986103
545	1461	0.949277
545	1717	0.906098
545	1919	0.925998
545	2507	0.926864
545	2578	0.933408
545	3458	0.928781
545	3882	0.968629
545	4504	0.913717
545	4845	0.932627
545	5280	0.902426
545	5520	0.930914
547	1461	0.960065
547	2507	0.936608
547	2578	0.921998
547	3458	0.937561
547	3882	0.949121
547	5520	0.917550
551	4878	0.902140
558	869	0.924358
558	1616	0.908903
560	584	0.934743
561	563	0.914430
561	894	0.904844
562	727	0.914218
562	1232	0.921648
564	751	0.914348
565	1637	0.930678
565	1920	0.904219
567	568	0.915916
567	3081	0.960360
567	5764	0.911659
568	3081	0.944636
568	3840	0.916025
568	5764	0.903925
569	1110	0.916796
569	1794	0.925192
569	3150	0.910588
569	3338	0.908923
569	3626	0.912233
569	3647	0.901951
569	3761	0.926747
575	577	0.953518
575	1934	0.917234
575	1935	0.901787
575	2744	0.914744
575	3300	0.955851
575	3592	0.934516
575	4403	0.901232
575	4488	0.973417
575	4565	0.923465
575	4850	0.915006
575	5530	0.907405
576	577	0.932296
576	4488	0.905812
577	1046	0.917449
577	1084	0.932896
577	1934	0.917665
577	1935	0.938044
577	2744	0.902556
577	3030	0.922871
577	3300	0.946293
577	3498	0.904994
577	3592	0.944990
577	4488	0.961666
577	4565	0.905898
577	4850	0.900464
577	5530	0.913447
579	1545	0.917068
580	2014	0.902904
583	2154	0.919103
584	4152	0.916504
584	4850	0.903273
587	747	0.916867
587	2069	0.922965
594	840	0.903148
594	4279	0.917057
594	4910	0.919244
596	692	0.918532
598	717	0.941960
598	742	0.904504
598	1914	0.906173
598	2784	0.938243
598	3093	0.944028
598	3414	0.929930
598	4614	0.905917
598	4953	0.929430
598	5278	0.908026
598	5730	0.941138
626	1894	0.919636
639	647	0.918079
639	2053	0.931364
639	2290	0.904017
639	3482	0.933873
639	4100	0.905062
639	5107	0.907202
639	5294	0.941063
639	5551	0.923310
639	5632	0.925008
639	5951	0.910318
645	2559	0.900402
647	649	0.982306
647	783	0.922299
647	2053	0.915609
647	2290	0.902739
649	760	0.909315
649	783	0.911506
649	2290	0.906108
649	3980	0.913687
656	892	0.900288
656	1029	0.913381
657	1452	0.904335
657	1568	0.938477
657	1637	0.929073
657	3423	0.908763
658	1992	0.912769
664	2053	0.917661
664	2238	0.922118
664	3453	0.912288
664	3650	0.924677
664	4962	0.942095
664	5684	0.906007
674	3569	0.910879
676	2937	0.912226
677	2757	0.911391
678	3279	0.922858
680	3093	0.905912
680	4850	0.910171
682	1381	0.904625
688	5368	0.902542
700	989	0.929115
700	1924	0.912085
702	722	0.911998
702	728	0.928260
717	757	0.946787
717	759	0.901697
717	1914	0.900234
717	2744	0.944538
717	2784	0.909930
717	2821	0.911069
717	3030	0.900665
717	3031	0.932774
717	3093	0.968926
717	3592	0.900170
717	4488	0.920123
717	4850	0.944124
717	4851	0.916577
717	4953	0.954711
717	5730	0.962008
720	2024	0.925904
722	728	0.902964
722	2212	0.902074
722	2226	0.924193
723	872	0.910476
723	879	0.957262
723	880	0.907560
723	1058	0.927443
723	1637	0.969884
723	1678	0.910929
723	2254	0.903883
723	2297	0.922526
723	2639	0.923402
723	2773	0.912401
723	3423	0.948494
723	3641	0.929311
723	3808	0.971904
723	4165	0.912680
723	4188	0.921027
723	4458	0.930592
723	4653	0.907604
723	5182	0.956834
723	5792	0.941681
723	5803	0.900962
723	5934	0.938056
723	5949	0.941506
723	5989	0.900424
723	6016	0.912766
728	892	0.907076
730	872	0.902435
730	1678	0.908527
730	2254	0.915058
730	2995	0.926265
730	3808	0.904197
732	1589	0.927785
734	1044	0.923036
734	1960	0.901348
734	2248	0.901487
734	2906	0.938666
734	3218	0.930276
734	3525	0.900697
734	4595	0.910028
734	4684	0.904802
734	4712	0.924544
736	1117	0.948098
736	1936	0.903544
738	880	0.902598
738	2296	0.900269
738	2431	0.926311
738	2650	0.900754
738	5691	0.912051
742	743	0.942681
742	3093	0.913306
742	5730	0.902347
744	2899	0.901132
744	3872	0.913362
744	5276	0.907800
747	1919	0.927840
749	2069	0.903647
757	758	0.945555
757	759	0.934736
757	2744	0.922921
757	3031	0.900858
757	3093	0.927748
757	4565	0.901198
757	4851	0.902518
757	5730	0.951977
758	759	0.931383
758	2744	0.923376
758	4565	0.923065
758	4851	0.924914
759	4851	0.933292
765	3534	0.921245
768	3030	0.905503
770	868	0.909750
770	1131	0.912696
770	1153	0.909346
776	939	0.907004
779	2755	0.903865
780	2685	0.924384
781	795	0.920938
783	883	0.920120
783	1044	0.924971
783	1121	0.901650
783	1269	0.923841
783	1960	0.910747
783	2053	0.940862
783	2248	0.904490
783	2290	0.939678
783	3218	0.913852
783	3453	0.926770
783	3980	0.929157
783	4101	0.918573
783	4243	0.922524
783	4324	0.908751
783	4595	0.912258
787	1115	0.924851
787	1650	0.919475
787	3246	0.912457
787	3548	0.920587
792	4211	0.932103
792	4379	0.956483
795	984	0.918849
795	986	0.924494
799	1030	0.939576
801	1541	0.925594
801	2759	0.901765
802	1395	0.903518
802	1544	0.915096
812	813	0.936091
817	1108	0.917400
818	820	0.908041
820	2773	0.900614
820	3423	0.938294
836	1336	0.908151
840	1001	0.929246
840	3221	0.912484
840	4279	0.906829
840	4504	0.914589
840	4608	0.925216
840	4910	0.916589
841	2925	0.902163
842	859	0.906648
842	1152	0.912114
842	1460	0.906411
842	3899	0.945532
842	5992	0.912584
857	4520	0.907393
859	5992	0.917780
864	2726	0.924565
864	3918	0.903095
867	869	0.911499
868	1153	0.902087
868	1616	0.922817
868	2260	0.919931
869	1573	0.904154
869	1616	0.906082
872	879	0.935339
872	880	0.924106
872	1678	0.927559
872	2254	0.908296
872	2296	0.926838
872	2366	0.904388
872	2643	0.903462
872	3104	0.912947
872	3808	0.934693
872	4165	0.956403
872	4167	0.903253
872	4439	0.905226
872	4880	0.951059
872	4909	0.901502
872	5691	0.925861
872	5934	0.916246
872	5949	0.917874
872	5989	0.909351
872	6016	0.901718
879	880	0.959979
879	1058	0.915018
879	1637	0.930934
879	2296	0.935337
879	2297	0.952540
879	2997	0.911037
879	3423	0.919166
879	3808	0.947369
879	4165	0.909115
879	4458	0.908844
879	5182	0.940780
879	5691	0.910924
879	5758	0.903909
879	5792	0.947015
879	5949	0.963880
879	5988	0.904236
879	5989	0.932510
880	1637	0.901994
880	2296	0.958962
880	2297	0.924308
880	2334	0.931883
880	2366	0.929265
880	2844	0.906497
880	2997	0.949255
880	3423	0.924999
880	3808	0.915090
880	4307	0.920511
880	4992	0.908586
880	5074	0.952738
880	5691	0.911916
880	5745	0.916537
880	5792	0.940521
880	5949	0.956313
880	5988	0.920455
880	5989	0.917015
883	1044	0.933154
883	1121	0.905969
883	2053	0.941220
883	2290	0.934176
883	2557	0.906889
883	2934	0.933878
883	3391	0.903065
883	3453	0.922566
883	3714	0.922471
883	4243	0.920231
883	4394	0.924898
883	4595	0.932898
892	1924	0.928633
895	3784	0.940146
898	2488	0.917566
902	2265	0.957105
918	1237	0.917031
924	1044	0.913976
924	1121	0.928356
924	1225	0.920051
924	1269	0.922787
924	1306	0.916309
924	1981	0.905472
924	2248	0.949620
924	2345	0.912157
924	2556	0.900986
924	3218	0.975282
924	3525	0.908308
924	3980	0.914765
924	4097	0.929153
924	4362	0.909436
928	2623	0.926776
928	3271	0.904491
928	5423	0.903193
933	1268	0.963787
933	1270	0.916556
934	1260	0.906493
952	4524	0.914879
986	2759	0.905688
994	4629	0.916640
994	5141	0.948176
1001	1944	0.922645
1001	2562	0.901484
1001	4279	0.912595
1011	1169	0.920648
1016	4649	0.925968
1029	1726	0.929612
1040	3479	0.918882
1044	1121	0.956491
1044	1960	0.936269
1044	1981	0.901286
1044	2002	0.913949
1044	2053	0.901050
1044	2248	0.948592
1044	2290	0.955694
1044	2556	0.906479
1044	2906	0.939957
1044	2934	0.923863
1044	2957	0.911184
1044	2973	0.914856
1044	3218	0.954829
1044	3318	0.904135
1044	3453	0.913106
1044	4243	0.912087
1044	4595	0.951443
1044	5107	0.901472
1057	1077	0.920353
1057	1373	0.901084
1058	1637	0.911636
1058	2639	0.939903
1058	2773	0.900509
1058	3423	0.928121
1058	3475	0.900108
1058	4849	0.907402
1058	5182	0.914049
1058	5949	0.901932
1062	1573	0.943133
1062	2425	0.906217
1069	4025	0.902980
1074	4918	0.907985
1078	1400	0.904337
1079	1924	0.908522
1084	3300	0.941730
1084	3498	0.916563
1084	3592	0.908973
1084	4488	0.956886
1084	5530	0.911943
1085	3498	0.911583
1086	2366	0.905011
1087	2127	0.915741
1100	2114	0.904549
1101	1945	0.921742
1101	3347	0.905328
1107	4745	0.910711
1110	3918	0.926310
1110	4281	0.920833
1110	4332	0.907530
1110	5933	0.910171
1111	1264	0.918755
1112	3453	0.902851
1112	5399	0.916102
1115	2361	0.909974
1121	1603	0.903127
1121	1960	0.921556
1121	1981	0.953744
1121	2002	0.911252
1121	2248	0.963056
1121	2290	0.935787
1121	2556	0.900982
1121	2557	0.903975
1121	2906	0.903634
1121	2957	0.903646
1121	3218	0.945201
1121	3980	0.906434
1121	4595	0.906460
1121	4646	0.930018
1121	4684	0.903871
1131	1147	0.925171
1132	1400	0.937289
1137	2882	0.902335
1145	1147	0.922846
1145	1171	0.922303
1147	1171	0.921874
1149	1171	0.917580
1152	1460	0.907587
1152	2323	0.917513
1152	3512	0.903353
1152	3872	0.910245
1152	3899	0.933638
1153	1171	0.905463
1158	3598	0.920733
1168	4497	0.912065
1169	1197	0.917476
1183	1184	0.983413
1183	1532	0.900394
1183	3544	0.914270
1183	4603	0.985019
1183	4604	0.982244
1183	5394	0.907772
1183	5395	0.922568
1184	1532	0.913856
1184	4603	0.966335
1184	4604	0.956072
1184	5394	0.915391
1184	5395	0.924036
1193	1377	0.901801
1194	3498	0.928356
1202	1217	0.925552
1209	2239	0.901998
1211	5992	0.945301
1214	1216	0.927454
1215	1945	0.911730
1225	2343	0.909132
1232	2083	0.901807
1236	1610	0.921199
1236	3514	0.936296
1236	3682	0.908713
1242	2317	0.910160
1244	3626	0.903226
1245	1344	0.902955
1246	1440	0.908704
1246	2315	0.903197
1252	4222	0.951674
1258	3520	0.909171
1263	3385	0.906058
1263	3477	0.908628
1268	1270	0.935829
1269	1306	0.919340
1269	2345	0.918245
1269	2556	0.904040
1269	3218	0.917935
1269	3391	0.916592
1269	3980	0.919260
1269	4097	0.912739
1269	4101	0.925182
1269	5569	0.919851
1287	1461	0.925879
1288	1840	0.911514
1288	2070	0.921107
1288	2578	0.912027
1288	3527	0.924816
1300	1909	0.904653
1300	4737	0.909337
1306	2345	0.913665
1306	3218	0.933610
1306	3387	0.919898
1306	3525	0.918747
1306	4097	0.948501
1306	4684	0.921642
1317	3742	0.914071
1318	5992	0.907291
1327	1395	0.902065
1327	3113	0.912812
1336	1550	0.906814
1336	5626	0.911473
1345	3375	0.915832
1345	3376	0.920957
1345	4883	0.906320
1345	5468	0.907456
1357	1546	0.905663
1362	3100	0.918029
1362	3365	0.903598
1362	4028	0.917166
1375	1395	0.902761
1375	1544	0.908773
1380	1563	0.925053
1380	1877	0.919146
1391	2513	0.911781
1394	1723	0.922879
1394	2579	0.920901
1394	3048	0.910720
1395	1544	0.943547
1395	1684	0.956467
1395	2230	0.915504
1395	3113	0.908720
1406	1550	0.904950
1406	2039	0.919626
1406	2786	0.910023
1406	2918	0.920358
1406	4483	0.906018
1406	4564	0.929140
1406	4779	0.952581
1406	4910	0.901253
1425	2306	0.905804
1425	3823	0.911501
1425	4301	0.910044
1442	1765	0.916429
1442	2143	0.916721
1448	2843	0.909118
1448	3038	0.916639
1452	1568	0.910155
1452	1637	0.901580
1452	2942	0.938668
1452	2943	0.911793
1452	3423	0.907248
1452	4849	0.933638
1458	1811	0.902862
1458	4860	0.904921
1460	2323	0.901247
1460	2876	0.907381
1460	3283	0.917726
1460	3538	0.935219
1460	3872	0.943757
1460	3927	0.920779
1460	4537	0.939847
1460	4864	0.945568
1460	4966	0.924025
1460	5823	0.915873
1460	5992	0.915014
1464	1767	0.901676
1471	2154	0.933527
1471	2324	0.907119
1476	2377	0.905655
1478	2039	0.925138
1478	2562	0.939812
1479	1712	0.940624
1479	2488	0.925776
1479	2511	0.900503
1479	4332	0.923069
1479	5527	0.917743
1490	2441	0.922643
1490	6017	0.900524
1497	1618	0.920449
1505	2510	0.908317
1505	2531	0.907831
1506	1507	0.902348
1506	4522	0.903976
1506	5393	0.902641
1507	3224	0.917944
1507	4473	0.924229
1507	5393	0.918294
1512	1627	0.905503
1529	2766	0.901991
1532	2098	0.901374
1532	3290	0.938415
1532	4687	0.920956
1537	3375	0.911120
1537	3437	0.902024
1537	4524	0.915117
1541	1707	0.930083
1544	1684	0.965660
1545	1569	0.954424
1550	1717	0.918931
1550	2153	0.951500
1550	3005	0.902337
1550	3527	0.901331
1550	4030	0.911933
1550	4286	0.933741
1550	4504	0.929607
1550	4686	0.906172
1550	5626	0.926103
1550	5974	0.934864
1551	3124	0.926924
1555	3840	0.919795
1555	4575	0.913259
1558	2718	0.904238
1564	1566	0.922238
1565	1566	0.948334
1565	1756	0.955308
1565	1757	0.906715
1565	1821	0.950374
1565	1822	0.975381
1565	1823	0.930581
1565	1825	0.942359
1565	2254	0.906643
1565	2490	0.957484
1565	2491	0.904273
1565	2707	0.945705
1565	2708	0.905097
1565	3705	0.907464
1565	4162	0.930269
1565	4163	0.954789
1565	4164	0.919762
1565	6016	0.909436
1566	1756	0.986657
1566	1821	0.982185
1566	1822	0.949890
1566	1823	0.959921
1566	1825	0.974490
1566	1920	0.932446
1566	2254	0.910568
1566	2490	0.973838
1566	2707	0.948958
1566	3705	0.935466
1566	4162	0.961911
1566	4163	0.925796
1566	4164	0.923980
1566	6016	0.906628
1567	2441	0.944659
1567	2708	0.918458
1567	2881	0.929407
1567	3147	0.927017
1567	4163	0.925967
1567	4164	0.960451
1567	4165	0.955619
1567	4167	0.964671
1567	4909	0.925362
1567	5182	0.927794
1567	5818	0.970977
1567	5934	0.919691
1567	6016	0.930538
1567	6018	0.940399
1568	1637	0.942253
1568	2773	0.917737
1568	2844	0.909052
1568	2942	0.908492
1568	3423	0.913316
1568	3660	0.941283
1568	4350	0.914821
1568	4458	0.928596
1568	4992	0.912095
1568	5701	0.920513
1568	5792	0.920336
1569	1759	0.903679
1573	1616	0.903057
1573	2425	0.904655
1576	3770	0.934892
1594	3704	0.911959
1594	4222	0.900213
1596	1945	0.912060
1599	2021	0.945501
1599	2827	0.912878
1599	2833	0.932076
1599	3106	0.914450
1599	4473	0.957009
1599	4639	0.931512
1599	4997	0.968144
1603	1981	0.958550
1603	5317	0.921320
1610	2235	0.907019
1610	3164	0.904356
1610	3514	0.915364
1616	2260	0.932209
1619	2069	0.912051
1624	1883	0.925844
1635	1680	0.932054
1637	2297	0.918429
1637	2773	0.924694
1637	2844	0.946981
1637	2942	0.915543
1637	3423	0.957038
1637	3641	0.910264
1637	3660	0.908196
1637	3808	0.933460
1637	3887	0.915662
1637	4188	0.916665
1637	4458	0.952420
1637	4992	0.929595
1637	5182	0.907258
1637	5792	0.959167
1637	5934	0.903300
1637	5949	0.918910
1639	2704	0.906877
1646	3452	0.931788
1661	1828	0.920651
1662	2773	0.902443
1662	2845	0.955744
1662	3038	0.915972
1662	3808	0.903776
1662	5691	0.936827
1669	2029	0.910595
1669	2071	0.925585
1669	2263	0.911903
1677	1981	0.917179
1678	1825	0.900677
1678	2254	0.943959
1678	2441	0.908367
1678	3354	0.905081
1678	3808	0.938680
1678	4164	0.932942
1678	4165	0.939385
1678	4167	0.932359
1678	4439	0.926127
1678	4880	0.934247
1678	4909	0.966244
1678	5691	0.920904
1678	5934	0.935938
1678	6016	0.958090
1686	2687	0.901530
1690	3484	0.937923
1690	5712	0.922369
1691	2633	0.958571
1693	1960	0.916212
1693	2053	0.921201
1693	4100	0.900515
1693	4827	0.922085
1694	5108	0.908960
1710	2236	0.904965
1712	5527	0.930835
1717	2153	0.948382
1717	2393	0.950241
1717	2462	0.939419
1717	2578	0.946558
1717	3527	0.939679
1717	3971	0.927859
1717	4030	0.922213
1717	4276	0.923243
1717	4504	0.914436
1717	4845	0.902141
1717	5493	0.906153
1717	5520	0.926989
1717	5631	0.916449
1726	1728	0.903208
1728	1900	0.912287
1728	2114	0.918342
1728	2226	0.910442
1756	1821	0.984504
1756	1822	0.942114
1756	1823	0.966492
1756	1825	0.984299
1756	1920	0.914011
1756	2254	0.913223
1756	2490	0.978704
1756	2707	0.966369
1756	3705	0.936943
1756	4162	0.965261
1756	4163	0.933611
1756	4164	0.921515
1756	6016	0.907900
1757	2491	0.902414
1757	2708	0.909300
1757	4163	0.934985
1765	2143	0.904856
1770	2315	0.908315
1771	1773	0.948002
1772	1949	0.915663
1773	2164	0.921707
1778	1917	0.939780
1783	4716	0.934402
1794	1979	0.935056
1794	2625	0.902135
1794	3081	0.932450
1794	3689	0.901221
1794	3761	0.962642
1794	3788	0.903134
1794	4473	0.929410
1794	5454	0.905950
1801	2422	0.900584
1802	2107	0.925881
1811	4860	0.900723
1816	2431	0.908347
1818	2650	0.910330
1821	1822	0.947435
1821	1823	0.963432
1821	1825	0.977254
1821	2254	0.912655
1821	2490	0.972687
1821	2707	0.956030
1821	3705	0.930184
1821	4162	0.956751
1821	4163	0.926283
1821	4164	0.912894
1821	6016	0.913776
1821	6017	0.904401
1822	1823	0.928558
1822	1825	0.933493
1822	1852	0.904533
1822	2254	0.936678
1822	2490	0.957782
1822	2491	0.911582
1822	2707	0.940113
1822	3705	0.908662
1822	4162	0.954949
1822	4163	0.950278
1822	4164	0.931476
1822	5803	0.900843
1822	6016	0.932353
1822	6017	0.910715
1823	1824	0.939081
1823	1825	0.977123
1823	1920	0.904695
1823	2254	0.904789
1823	2441	0.922574
1823	2490	0.962335
1823	2491	0.941587
1823	2707	0.979192
1823	3705	0.935596
1823	4162	0.975802
1823	4163	0.928524
1823	4164	0.913717
1823	6016	0.913504
1823	6017	0.922203
1824	1825	0.908830
1824	2441	0.931032
1824	2491	0.941591
1824	2707	0.924595
1824	2881	0.917304
1824	3147	0.931998
1824	3418	0.901781
1824	4162	0.928467
1824	6017	0.915077
1825	1920	0.911186
1825	2254	0.918479
1825	2490	0.972009
1825	2491	0.908775
1825	2707	0.964708
1825	3705	0.927998
1825	4162	0.964532
1825	4163	0.918721
1825	4164	0.917060
1825	6016	0.909841
1825	6017	0.905340
1832	4617	0.904062
1840	2578	0.920135
1840	2828	0.903804
1842	2812	0.908084
1849	1922	0.918820
1849	2402	0.900268
1852	2254	0.910194
1852	3641	0.903414
1853	2234	0.923639
1855	5810	0.901732
1866	2995	0.901081
1878	2039	0.901616
1878	3458	0.907770
1878	4286	0.903170
1878	4504	0.938138
1878	4686	0.915346
1878	4845	0.904835
1878	5974	0.907026
1887	2003	0.904943
1887	3480	0.906056
1890	2322	0.901762
1894	5527	0.907153
1902	4282	0.908013
1903	3239	0.972780
1903	4194	0.941210
1903	4195	0.952504
1903	4281	0.954884
1903	5679	0.967978
1903	5693	0.908343
1903	5933	0.928765
1909	4074	0.910707
1913	2071	0.928951
1914	3093	0.926977
1914	4953	0.954755
1919	2595	0.903899
1920	2490	0.936073
1920	2707	0.910042
1920	3705	0.923570
1920	4162	0.916472
1920	4439	0.903374
1924	2640	0.922771
1933	1935	0.928931
1934	1935	0.944458
1934	2074	0.941238
1934	2744	0.914468
1934	3030	0.940172
1934	3300	0.900570
1934	4052	0.908329
1934	4488	0.925485
1934	4565	0.906735
1934	5530	0.903264
1935	2074	0.905043
1935	3030	0.912680
1935	4488	0.921348
1935	4850	0.901974
1944	2562	0.941998
1944	4279	0.905294
1944	4910	0.913494
1945	2419	0.921902
1945	2611	0.926226
1960	1981	0.919471
1960	2248	0.932621
1960	2290	0.918293
1960	2906	0.929646
1960	3218	0.904345
1960	3219	0.928236
1960	3330	0.931248
1960	3387	0.927332
1960	4100	0.915549
1960	4101	0.909196
1960	4324	0.904992
1960	4633	0.944400
1960	4681	0.901781
1960	4684	0.900647
1960	4746	0.911621
1960	4819	0.919376
1960	5419	0.913759
1961	2311	0.910470
1979	3689	0.903840
1979	3761	0.929417
1981	2002	0.915853
1981	2248	0.951531
1981	2290	0.915222
1981	2390	0.931560
1981	2957	0.913043
1981	3149	0.906379
1981	3218	0.913481
1985	2005	0.921820
1985	4189	0.906663
1990	1992	0.907114
1992	2110	0.913427
1993	2355	0.913965
1993	5061	0.901824
1994	3587	0.902866
1994	3918	0.900367
1998	4630	0.928223
1998	5970	0.902563
2002	2053	0.910910
2002	2248	0.930031
2002	2290	0.946107
2002	2390	0.928191
2002	2906	0.902155
2002	2934	0.906844
2002	2957	0.921962
2002	3071	0.921535
2002	3218	0.908310
2002	3219	0.921833
2002	3338	0.929240
2002	3453	0.938400
2002	3482	0.911247
2002	3647	0.938795
2002	4101	0.918041
2002	4243	0.927374
2002	4681	0.906525
2002	4684	0.903958
2002	5107	0.964624
2002	5354	0.921939
2002	5754	0.905137
2009	2503	0.922398
2021	2835	0.929482
2021	4639	0.917009
2021	4997	0.912509
2029	2071	0.905949
2038	2941	0.912516
2039	2327	0.904577
2039	2595	0.958251
2039	2917	0.912407
2039	2918	0.947112
2039	3610	0.931179
2039	4504	0.929902
2039	4564	0.930096
2039	4910	0.909157
2039	5974	0.909969
2050	2529	0.906275
2051	2560	0.927391
2051	3048	0.911055
2053	2290	0.917386
2053	2557	0.918876
2053	2957	0.916904
2053	3071	0.913720
2053	3391	0.903448
2053	3453	0.964999
2053	3482	0.928354
2053	3647	0.912462
2053	4100	0.918500
2053	4101	0.912693
2053	4243	0.943090
2053	4394	0.901821
2053	4595	0.919006
2053	4819	0.914846
2053	4879	0.909287
2053	4962	0.915815
2053	5107	0.902412
2053	5354	0.947558
2053	5926	0.918939
2056	5272	0.903724
2070	2153	0.928897
2071	2263	0.936688
2073	3286	0.922902
2074	2744	0.910873
2074	3030	0.907595
2074	4488	0.901798
2074	4850	0.918117
2079	3788	0.904537
2080	4736	0.920065
2089	2851	0.905060
2098	4473	0.901898
2098	5393	0.908008
2107	4556	0.922597
2107	4918	0.916649
2120	2264	0.901234
2120	2557	0.904481
2120	4097	0.920963
2120	4262	0.920976
2120	4646	0.911020
2120	5644	0.902832
2125	2311	0.912877
2127	2311	0.922085
2127	2315	0.910700
2153	2462	0.906986
2153	2578	0.919465
2153	2741	0.906076
2153	3005	0.913567
2153	3527	0.925625
2153	4030	0.946411
2153	4286	0.916968
2153	4504	0.909945
2153	4686	0.908357
2153	5626	0.907409
2153	5974	0.908615
2157	4350	0.906884
2162	5788	0.921137
2173	4171	0.908385
2177	2672	0.918453
2184	2890	0.907301
2217	2247	0.902473
2228	2610	0.910840
2235	2755	0.920214
2235	3514	0.922014
2236	2748	0.912876
2243	3676	0.928344
2243	3933	0.906696
2248	2290	0.933463
2248	2390	0.900614
2248	2906	0.910912
2248	2957	0.903851
2248	3218	0.954416
2248	3650	0.921607
2248	3980	0.916516
2248	4097	0.909955
2248	4101	0.901928
2248	4243	0.901329
2248	4324	0.902364
2248	4684	0.918562
2248	5457	0.904951
2251	3092	0.925962
2253	2514	0.901566
2253	3239	0.908709
2253	4281	0.913057
2253	5679	0.924168
2253	5933	0.949528
2254	2441	0.904705
2254	2490	0.919006
2254	2491	0.907767
2254	2707	0.918646
2254	2708	0.902169
2254	3641	0.918675
2254	3808	0.944481
2254	4162	0.947719
2254	4163	0.938767
2254	4164	0.947976
2254	4165	0.923606
2254	4439	0.929965
2254	4880	0.945242
2254	4909	0.908846
2254	5803	0.919901
2254	5934	0.912382
2254	6016	0.959167
2254	6017	0.916606
2264	3313	0.928053
2264	3738	0.935563
2264	4097	0.922397
2264	4233	0.912715
2264	4262	0.942574
2264	4878	0.906129
2269	2978	0.903098
2269	4570	0.903253
2270	4242	0.901534
2272	3480	0.901671
2280	2398	0.921203
2281	2825	0.911862
2290	2390	0.952997
2290	2557	0.924856
2290	2906	0.903775
2290	2934	0.945106
2290	2957	0.958831
2290	2973	0.908812
2290	3121	0.905220
2290	3149	0.902907
2290	3218	0.933482
2290	3219	0.925393
2290	3338	0.900412
2290	3453	0.942283
2290	3482	0.903372
2290	3647	0.934603
2290	3980	0.929123
2290	4100	0.903007
2290	4101	0.930966
2290	4243	0.956068
2290	4324	0.907317
2290	4595	0.923712
2290	4646	0.922250
2290	5107	0.946296
2292	2560	0.908111
2292	3048	0.912977
2292	3381	0.900556
2294	2812	0.905234
2294	2925	0.903117
2294	3075	0.906166
2294	3954	0.917096
2296	2297	0.939094
2296	2997	0.951980
2296	4307	0.921534
2296	4883	0.933651
2296	5074	0.937247
2296	5758	0.909654
2296	5792	0.909852
2296	5949	0.966109
2296	5988	0.920694
2296	5989	0.939676
2297	2334	0.920815
2297	3808	0.905618
2297	3887	0.918338
2297	4188	0.928819
2297	4458	0.947773
2297	4883	0.913575
2297	4992	0.924958
2297	5758	0.916022
2297	5792	0.937344
2297	5949	0.940735
2297	5989	0.939871
2304	2425	0.901873
2304	3330	0.906036
2304	4632	0.904912
2305	2425	0.904500
2305	4540	0.902552
2305	5061	0.924010
2306	2400	0.905198
2306	3823	0.906316
2306	5631	0.906210
2312	6012	0.906206
2314	3336	0.921663
2321	2810	0.905807
2321	4195	0.908710
2321	4268	0.927938
2321	4281	0.936832
2321	5933	0.944455
2322	3803	0.903324
2322	3894	0.911953
2322	5933	0.904208
2323	3538	0.937096
2323	3872	0.900620
2324	2545	0.909625
2327	2595	0.911033
2327	5033	0.902591
2328	3087	0.902924
2334	2601	0.900661
2334	4214	0.901842
2334	4992	0.918180
2334	5074	0.915707
2337	4547	0.923302
2345	2557	0.914317
2345	3218	0.920898
2345	3980	0.938574
2345	4097	0.937135
2345	5583	0.903196
2352	2866	0.912119
2356	2685	0.922084
2358	3971	0.915542
2358	5109	0.911213
2358	5627	0.900346
2359	3389	0.903185
2359	5669	0.913271
2379	3491	0.928069
2389	3222	0.911395
2389	3264	0.929313
2390	2557	0.906761
2390	2957	0.944140
2390	3045	0.904223
2390	3071	0.928592
2390	3149	0.909238
2390	3219	0.914221
2390	3647	0.900874
2390	3900	0.918146
2390	4100	0.900128
2390	4243	0.916436
2390	5107	0.931302
2393	3527	0.930518
2393	4287	0.915811
2393	5493	0.902191
2411	4315	0.903104
2412	3548	0.900518
2425	4324	0.907257
2425	4540	0.905139
2425	4681	0.938248
2425	5061	0.906328
2427	3158	0.906358
2430	5122	0.912375
2431	4545	0.900750
2431	4993	0.917789
2440	2880	0.902307
2440	4740	0.906636
2441	2490	0.900263
2441	2491	0.958982
2441	2707	0.923097
2441	2708	0.916405
2441	2881	0.941983
2441	3147	0.944861
2441	3705	0.907400
2441	4162	0.925953
2441	4163	0.939561
2441	4164	0.946100
2441	4165	0.947545
2441	4167	0.933734
2441	5182	0.909343
2441	5803	0.919727
2441	5818	0.945012
2441	6016	0.953293
2441	6017	0.967431
2441	6018	0.919221
2456	4141	0.921494
2456	5669	0.932006
2462	2578	0.908770
2462	3527	0.906383
2466	2570	0.955132
2487	2489	0.906753
2488	4332	0.946911
2490	2491	0.925253
2490	2707	0.982467
2490	3705	0.964055
2490	4162	0.968303
2490	4163	0.942228
2490	4164	0.928106
2490	6016	0.928610
2490	6017	0.916485
2491	2707	0.962946
2491	2708	0.942581
2491	2881	0.915180
2491	3147	0.917886
2491	3705	0.914404
2491	4162	0.941696
2491	4163	0.945539
2491	4164	0.908294
2491	5818	0.906078
2491	6016	0.917417
2491	6017	0.938373
2498	3313	0.902515
2507	3527	0.921943
2507	3882	0.921096
2513	3599	0.911108
2514	4281	0.911386
2514	5778	0.919674
2514	5933	0.903005
2517	3044	0.920819
2522	4658	0.925516
2531	2557	0.933220
2531	3045	0.916778
2531	3453	0.901447
2531	3486	0.931585
2531	4243	0.901138
2531	5064	0.901626
2540	3823	0.911513
2541	2943	0.919635
2543	2685	0.941917
2544	2546	0.908229
2554	2902	0.949498
2554	3602	0.901253
2554	3770	0.938693
2554	5070	0.933890
2556	2560	0.928511
2556	2906	0.924306
2556	3218	0.910886
2556	4595	0.915812
2557	2957	0.951812
2557	3391	0.913824
2557	3453	0.955701
2557	3980	0.925498
2557	4101	0.902980
2557	4243	0.951160
2557	4646	0.912962
2557	5354	0.931335
2560	3048	0.938852
2560	3381	0.907545
2560	4262	0.903560
2560	4595	0.907738
2560	4685	0.903215
2572	2659	0.900465
2572	5227	0.921128
2578	3527	0.901788
2578	3882	0.925193
2578	3971	0.902339
2578	4030	0.902891
2578	4276	0.920898
2578	4504	0.902052
2578	5520	0.958934
2578	5631	0.914921
2579	2814	0.937180
2579	3048	0.933689
2579	3453	0.913753
2579	4596	0.903937
2595	4504	0.936325
2595	4532	0.908685
2595	4705	0.904337
2598	3224	0.900551
2598	3381	0.906948
2599	3224	0.946033
2601	4871	0.902646
2601	5468	0.927142
2602	3165	0.916826
2611	4558	0.925934
2623	3334	0.908570
2623	4685	0.904679
2623	4691	0.912706
2625	3313	0.900666
2625	3671	0.952110
2625	3689	0.904165
2625	4219	0.905820
2625	4262	0.926157
2625	4596	0.903627
2628	2767	0.909884
2631	2776	0.951644
2633	3491	0.936891
2633	3990	0.927053
2639	3641	0.913727
2639	3808	0.919381
2639	3887	0.911389
2639	4909	0.911476
2639	5182	0.933502
2639	5934	0.935189
2650	5464	0.904890
2652	5432	0.905276
2660	2726	0.916501
2660	3324	0.933538
2660	3900	0.926182
2660	3902	0.927579
2660	4397	0.944811
2666	3359	0.932546
2668	2813	0.901048
2685	3707	0.925788
2690	4690	0.907933
2692	3292	0.903901
2696	4691	0.905539
2707	2708	0.905066
2707	3147	0.901210
2707	3418	0.910507
2707	3705	0.956141
2707	4162	0.973624
2707	4163	0.951000
2707	4164	0.919696
2707	6016	0.923164
2707	6017	0.926295
2708	3705	0.900758
2708	4162	0.911563
2708	4163	0.928476
2708	4164	0.910617
2708	4653	0.904981
2719	3313	0.903942
2719	3738	0.904501
2719	4878	0.921279
2722	5782	0.907502
2723	3429	0.915280
2723	5325	0.927261
2726	5205	0.924536
2728	3587	0.915956
2741	5341	0.918733
2744	2784	0.919972
2744	3030	0.931875
2744	3031	0.940394
2744	3093	0.942624
2744	3419	0.964895
2744	4488	0.926658
2744	4565	0.905688
2744	4850	0.965748
2744	4851	0.917846
2744	4953	0.907293
2744	5641	0.902285
2744	5730	0.932034
2754	3900	0.903181
2755	2938	0.913365
2760	4527	0.908661
2773	2845	0.916032
2773	3423	0.965736
2773	3641	0.909365
2773	3660	0.963631
2773	3808	0.915438
2773	4350	0.918485
2773	4458	0.924644
2773	5792	0.913150
2781	3090	0.926045
2784	3031	0.909289
2784	3093	0.912289
2784	3625	0.938505
2784	4614	0.907496
2784	4851	0.904892
2784	5001	0.913164
2784	5278	0.937520
2784	5730	0.924713
2785	2786	0.952812
2785	4851	0.918285
2785	5001	0.913995
2786	4779	0.901861
2792	4482	0.903229
2792	4709	0.921750
2795	2938	0.910912
2809	3341	0.913694
2810	3240	0.908324
2810	4195	0.964737
2810	4268	0.916127
2810	4281	0.929981
2810	4630	0.904865
2810	5575	0.916387
2810	5679	0.917038
2810	5970	0.923643
2812	3005	0.901883
2812	3075	0.920884
2812	3243	0.926568
2812	3954	0.911146
2812	4211	0.903340
2812	4379	0.924116
2813	5928	0.914483
2814	3048	0.928615
2814	5399	0.904652
2815	4910	0.912923
2815	5673	0.918839
2827	2833	0.931503
2827	4473	0.952038
2827	4997	0.900542
2827	5918	0.907004
2830	5842	0.906461
2832	3334	0.912393
2832	3486	0.907203
2833	4473	0.924383
2833	4639	0.907668
2833	5918	0.920777
2844	3423	0.916724
2844	4458	0.911642
2844	4992	0.902937
2844	5074	0.902538
2844	5701	0.911484
2844	5792	0.948266
2844	5949	0.916929
2845	5691	0.909484
2845	5792	0.906601
2851	4849	0.922908
2862	2974	0.935070
2862	4194	0.925795
2862	4195	0.919119
2862	5693	0.903053
2870	3105	0.909999
2876	3538	0.903080
2876	3872	0.902850
2876	5412	0.905603
2879	3074	0.906354
2881	3104	0.928160
2881	3147	0.961290
2881	4164	0.924849
2881	4165	0.940953
2881	4166	0.946103
2881	4167	0.964417
2881	4909	0.901857
2881	5803	0.906373
2881	5818	0.960558
2881	6016	0.921841
2881	6017	0.930853
2881	6018	0.947114
2883	5764	0.903946
2893	4746	0.901768
2902	3770	0.937361
2902	5549	0.927254
2906	3149	0.901708
2906	3218	0.919259
2906	3219	0.931830
2906	4101	0.905799
2906	4595	0.920511
2906	4684	0.949367
2916	2920	0.932933
2916	2940	0.927502
2917	2918	0.918504
2917	4003	0.904420
2917	4483	0.904223
2918	3610	0.927472
2918	4003	0.901005
2918	4564	0.914169
2918	4627	0.917936
2918	4779	0.944499
2926	3290	0.942378
2926	4081	0.966865
2928	3770	0.917938
2928	5752	0.903325
2934	2957	0.910193
2934	2973	0.920136
2934	3218	0.917515
2934	3391	0.903342
2934	3453	0.926644
2934	3647	0.915923
2934	4101	0.921657
2934	4243	0.912255
2934	4362	0.923044
2934	4595	0.938558
2934	4646	0.900583
2936	5558	0.951260
2939	2941	0.962842
2940	3664	0.922660
2942	4350	0.905689
2947	3105	0.926859
2957	3071	0.927454
2957	3149	0.902237
2957	3218	0.908313
2957	3453	0.957084
2957	3482	0.931165
2957	3647	0.906097
2957	3980	0.920813
2957	4100	0.901672
2957	4101	0.949069
2957	4243	0.964150
2957	4646	0.912596
2957	4819	0.901848
2957	5064	0.910907
2957	5107	0.918312
2957	5354	0.947513
2957	5569	0.922787
2957	5802	0.908633
2958	3148	0.917977
2958	4472	0.915009
2973	3218	0.908144
2973	3318	0.913997
2973	3453	0.905597
2973	4097	0.900719
2973	4101	0.946677
2973	4595	0.935135
2973	4646	0.910247
2973	4962	0.902698
2974	4194	0.921169
2974	5693	0.907708
2997	3887	0.905776
2997	4214	0.905927
2997	4307	0.913607
2997	4992	0.903161
2997	5074	0.969394
2997	5949	0.926678
3015	3750	0.944175
3020	5130	0.928176
3022	3574	0.918448
3022	5300	0.909063
3030	3031	0.910314
3030	3419	0.916447
3030	3625	0.932041
3030	4488	0.907091
3030	4850	0.906467
3031	3093	0.933621
3031	4850	0.935195
3031	4851	0.928573
3031	5490	0.902177
3031	5730	0.928771
3032	4683	0.908446
3035	3057	0.901215
3041	3096	0.919421
3041	3290	0.909071
3041	5395	0.903952
3045	3219	0.904466
3045	3453	0.901865
3045	3558	0.908108
3045	3626	0.903624
3045	3647	0.917079
3045	4262	0.904995
3045	5107	0.914550
3047	3860	0.902192
3048	3318	0.939209
3048	3381	0.900150
3048	3409	0.948454
3048	3453	0.928410
3048	3500	0.903036
3048	3626	0.942053
3048	3647	0.931951
3048	3689	0.944396
3048	4262	0.927124
3048	4595	0.943570
3048	4596	0.901397
3048	4685	0.939410
3048	4879	0.925370
3048	5107	0.903685
3052	3200	0.904913
3071	3453	0.927752
3071	3482	0.925186
3071	3926	0.918854
3071	4100	0.932331
3071	4243	0.934628
3071	4632	0.903770
3071	4921	0.900146
3071	5107	0.916414
3071	5354	0.921864
3071	5486	0.930879
3074	5961	0.924639
3081	3761	0.947313
3081	3840	0.923423
3081	4473	0.900791
3081	5764	0.921813
3082	3473	0.957270
3093	4850	0.939241
3093	4953	0.965407
3093	5641	0.920429
3093	5730	0.980590
3094	6012	0.906072
3096	3196	0.901693
3096	3290	0.900864
3097	3265	0.933621
3100	4217	0.939982
3102	5423	0.912136
3104	3808	0.925075
3104	4164	0.908796
3104	4165	0.922372
3104	4167	0.920090
3104	4880	0.938403
3104	6016	0.901458
3104	6018	0.918704
3110	5701	0.930602
3111	3113	0.903749
3117	3118	0.961334
3121	3338	0.902179
3121	3647	0.905165
3121	4101	0.914518
3129	3385	0.916636
3129	3477	0.932474
3129	3479	0.954581
3129	3653	0.912774
3147	4164	0.925206
3147	4165	0.927497
3147	4166	0.921500
3147	4167	0.946443
3147	5818	0.969286
3147	6016	0.919233
3147	6017	0.942922
3147	6018	0.949490
3149	4100	0.904235
3149	4149	0.906813
3149	4243	0.905334
3149	4394	0.910239
3149	5749	0.930991
3149	5763	0.910208
3150	3671	0.901748
3150	5170	0.921804
3152	3528	0.911090
3154	4038	0.913076
3156	4204	0.911895
3162	3321	0.915877
3164	3682	0.943403
3164	4041	0.907506
3173	4286	0.917890
3173	4564	0.912365
3173	4779	0.917333
3173	5626	0.900888
3173	5675	0.911149
3174	3176	0.933854
3178	3704	0.936706
3211	3615	0.913379
3211	4963	0.905367
3211	5316	0.906704
3217	3661	0.900979
3218	3219	0.906636
3218	3318	0.923524
3218	3453	0.907693
3218	3525	0.909634
3218	3647	0.921240
3218	3879	0.904082
3218	3980	0.909520
3218	4097	0.959783
3218	4101	0.908614
3218	4362	0.940790
3218	4595	0.945477
3218	4646	0.903779
3218	4684	0.914077
3218	4685	0.928381
3218	5456	0.920173
3218	5748	0.905381
3219	3338	0.919086
3219	3387	0.911727
3219	3453	0.901523
3219	3626	0.901576
3219	3647	0.930403
3219	4101	0.913055
3219	4595	0.914076
3219	4633	0.907224
3219	5107	0.923947
3224	4620	0.921278
3239	4194	0.921368
3239	4195	0.949526
3239	4281	0.970965
3239	5679	0.976827
3239	5693	0.907550
3239	5933	0.941576
3240	4194	0.926768
3240	4195	0.920848
3240	4268	0.906196
3240	4684	0.902345
3240	4761	0.908134
3241	3836	0.910192
3243	4379	0.900278
3244	3665	0.906723
3246	5305	0.900750
3257	3585	0.915252
3263	4126	0.908032
3264	5567	0.918263
3268	4546	0.922578
3270	5669	0.923203
3283	4864	0.906913
3286	3602	0.915185
3286	4496	0.906793
3286	4599	0.903293
3290	4081	0.904572
3290	5394	0.900057
3290	5395	0.924083
3300	3419	0.903796
3300	3498	0.925542
3300	4403	0.918139
3300	4488	0.958929
3300	5530	0.945308
3313	3671	0.910183
3313	3738	0.917613
3313	3788	0.912087
3313	4262	0.930304
3313	4878	0.903237
3313	5569	0.910355
3313	5644	0.901861
3313	5802	0.935540
3316	4480	0.903086
3318	3409	0.911544
3318	3453	0.922290
3318	3500	0.918727
3318	3647	0.939999
3318	3833	0.916791
3318	4262	0.904190
3318	4595	0.933573
3318	4685	0.925278
3318	4995	0.941744
3318	5107	0.917436
3318	5125	0.901056
3324	4397	0.902824
3325	3522	0.925131
3329	3514	0.917364
3330	4632	0.918891
3330	4746	0.931449
3330	5419	0.929607
3331	4558	0.925877
3332	3486	0.900054
3334	3486	0.923351
3334	4262	0.911975
3338	3339	0.918660
3338	3626	0.908954
3338	3647	0.930989
3338	4646	0.903158
3338	5107	0.920271
3339	3626	0.902512
3339	3761	0.920532
3352	3353	0.954723
3354	4167	0.901512
3354	4909	0.925867
3360	3955	0.902988
3375	3376	0.914433
3375	5130	0.918289
3375	5891	0.913321
3376	3755	0.945595
3385	5371	0.900555
3387	5583	0.910209
3391	3453	0.934644
3391	3714	0.911225
3391	3890	0.923641
3391	4101	0.921580
3391	4243	0.927773
3391	4879	0.909072
3409	3558	0.905000
3409	3626	0.924799
3409	3647	0.911881
3409	3689	0.946845
3409	4262	0.936831
3409	4595	0.914713
3409	4685	0.915858
3409	4879	0.911832
3419	4488	0.911462
3419	4850	0.917883
3423	3641	0.917100
3423	3660	0.917131
3423	3808	0.934072
3423	4350	0.902381
3423	4458	0.922912
3423	4849	0.912050
3423	5074	0.905422
3423	5182	0.909232
3423	5792	0.937147
3423	5949	0.914715
3429	4143	0.927256
3430	5960	0.901893
3437	4524	0.925169
3451	4890	0.909889
3453	3482	0.923197
3453	3626	0.913717
3453	3647	0.938081
3453	3890	0.932537
3453	3980	0.911813
3453	4100	0.912665
3453	4101	0.936260
3453	4243	0.975566
3453	4595	0.933463
3453	4596	0.934156
3453	4646	0.905612
3453	4685	0.901917
3453	4879	0.933842
3453	4995	0.914951
3453	5107	0.937268
3453	5354	0.966367
3453	5355	0.901427
3453	5569	0.900029
3453	5684	0.920555
3458	4276	0.907362
3458	4504	0.951709
3458	4771	0.917713
3458	4845	0.912035
3458	5520	0.901834
3462	4312	0.902496
3473	3474	0.918793
3474	3784	0.920064
3477	3479	0.947020
3482	3926	0.926462
3482	4243	0.923428
3482	4632	0.917278
3482	5107	0.922308
3482	5294	0.938808
3482	5354	0.966426
3482	5551	0.939787
3482	5632	0.937544
3484	5829	0.910870
3491	3990	0.908156
3498	4488	0.921428
3500	3647	0.923385
3500	5170	0.931098
3500	5754	0.900356
3510	4530	0.907509
3512	5842	0.920270
3514	3682	0.909548
3514	4558	0.955250
3525	4097	0.911830
3527	4287	0.907931
3527	5493	0.924927
3528	4354	0.902504
3538	3872	0.936455
3538	3927	0.927099
3538	4966	0.933837
3538	5412	0.914490
3538	5466	0.926454
3538	5992	0.905660
3544	4603	0.920449
3544	4697	0.931899
3544	5394	0.936648
3544	5395	0.929524
3546	3547	0.959121
3558	3626	0.901258
3558	3647	0.925951
3567	4104	0.906753
3569	3727	0.901134
3576	3666	0.913554
3578	3768	0.924040
3592	4488	0.947031
3592	4850	0.920673
3595	4337	0.921562
3597	3909	0.900011
3597	5064	0.901578
3604	4264	0.910800
3626	3647	0.951912
3626	3689	0.951821
3626	3788	0.908715
3626	4595	0.903871
3626	4685	0.936346
3626	4879	0.950523
3632	4510	0.931946
3641	3808	0.930828
3641	4164	0.900609
3641	4165	0.906347
3641	4188	0.946156
3641	4458	0.903183
3641	4880	0.900859
3641	4909	0.900873
3641	5182	0.922460
3641	5934	0.965340
3641	6016	0.910589
3643	4620	0.941526
3645	4209	0.917861
3647	3689	0.916059
3647	4101	0.912347
3647	4243	0.914450
3647	4595	0.921905
3647	4685	0.904935
3647	4879	0.931484
3647	5107	0.965096
3647	5354	0.911212
3647	5754	0.904194
3650	3980	0.920396
3650	4962	0.903550
3653	5378	0.916412
3653	5912	0.926946
3660	4350	0.929258
3660	4458	0.923434
3660	4871	0.909883
3662	4723	0.910641
3664	3853	0.909269
3671	4219	0.923543
3682	3871	0.951867
3682	4036	0.943266
3682	4041	0.920063
3689	3788	0.937018
3689	4262	0.910576
3689	4685	0.932358
3689	4879	0.952849
3695	4312	0.920843
3699	3884	0.902083
3705	4162	0.945606
3705	4163	0.921379
3705	4164	0.913738
3705	6016	0.909984
3710	4223	0.907482
3714	3890	0.916540
3714	4879	0.914575
3714	5249	0.901267
3738	4233	0.907017
3738	4262	0.928758
3738	4878	0.904224
3761	4473	0.916906
3761	4689	0.924616
3764	3933	0.921233
3765	4638	0.918659
3768	4024	0.902591
3770	5070	0.905014
3784	4897	0.912187
3784	4976	0.900696
3784	5411	0.941272
3788	4620	0.913074
3788	4685	0.901746
3799	4014	0.913424
3803	3894	0.945711
3803	4630	0.906401
3803	5575	0.931607
3803	5778	0.906152
3807	3946	0.906664
3808	4164	0.906923
3808	4165	0.925156
3808	4188	0.924098
3808	4458	0.900412
3808	4653	0.911365
3808	4880	0.937072
3808	4909	0.919491
3808	5182	0.929493
3808	5691	0.935107
3808	5792	0.904753
3808	5803	0.907242
3808	5834	0.906232
3808	5934	0.936507
3808	5949	0.921257
3808	5988	0.900834
3808	5989	0.918779
3808	6016	0.936192
3832	4420	0.900407
3832	5325	0.919101
3833	4995	0.923200
3833	5354	0.912680
3833	5355	0.903202
3858	4709	0.908998
3859	3861	0.954474
3862	3864	0.918904
3862	4095	0.906428
3871	4036	0.971960
3872	3927	0.918086
3872	4537	0.917490
3872	4966	0.942203
3872	5276	0.906077
3872	5992	0.921576
3879	3901	0.936964
3879	4324	0.946126
3882	4455	0.925093
3882	4504	0.908700
3882	4845	0.920656
3883	4552	0.933377
3883	4739	0.925386
3887	4188	0.915786
3887	4458	0.964499
3887	4643	0.914749
3887	4992	0.909173
3887	5701	0.925319
3887	5934	0.904176
3890	4243	0.913122
3890	4596	0.960694
3890	4646	0.908730
3890	4684	0.902290
3894	5778	0.920817
3900	3918	0.924880
3900	4397	0.917124
3900	4632	0.917935
3901	5317	0.903675
3918	5527	0.923761
3926	4293	0.914405
3927	5992	0.915476
3933	4077	0.927158
3955	5863	0.917666
3962	4249	0.903202
3968	4089	0.916982
3971	4030	0.902657
3971	4276	0.926047
3971	5520	0.913152
3971	5631	0.946045
3980	4243	0.921052
3996	3998	0.916166
3996	4421	0.905062
4008	5283	0.906337
4008	5284	0.914794
4024	4262	0.915622
4024	4620	0.917811
4024	4691	0.912373
4028	4217	0.913589
4030	4456	0.923776
4030	5033	0.906553
4035	5628	0.922170
4036	4041	0.909783
4038	4558	0.918950
4052	4851	0.909578
4097	4101	0.913946
4097	4262	0.915884
4097	4362	0.909731
4097	4595	0.900006
4097	4646	0.902702
4097	4684	0.926245
4097	4685	0.919674
4097	5583	0.902042
4100	4243	0.927473
4100	4596	0.933843
4101	4243	0.933325
4101	4595	0.904199
4101	4646	0.923628
4101	4684	0.929781
4101	5354	0.918456
4101	5569	0.904527
4106	5122	0.901534
4113	4502	0.909677
4127	4472	0.916990
4140	4471	0.918431
4141	5122	0.922639
4141	5669	0.958319
4152	4850	0.905152
4162	4163	0.941792
4162	4164	0.943221
4162	4165	0.909536
4162	4439	0.914462
4162	6016	0.933501
4162	6017	0.932795
4163	4164	0.969869
4163	4165	0.920699
4163	4167	0.921363
4163	5803	0.906011
4163	5818	0.932028
4163	6016	0.961475
4163	6017	0.942835
4164	4165	0.973566
4164	4167	0.968612
4164	4880	0.902031
4164	4909	0.942195
4164	5182	0.901817
4164	5803	0.921907
4164	5818	0.968524
4164	5934	0.934262
4164	6016	0.984048
4164	6017	0.953906
4164	6018	0.950915
4165	4167	0.963790
4165	4880	0.931943
4165	4909	0.935433
4165	5182	0.936738
4165	5803	0.933163
4165	5818	0.957932
4165	5934	0.950896
4165	5989	0.907222
4165	6016	0.971295
4165	6017	0.937641
4165	6018	0.964414
4166	4167	0.913301
4166	5818	0.903530
4166	6017	0.922684
4167	4880	0.910529
4167	4909	0.954485
4167	5818	0.979158
4167	5934	0.916542
4167	6016	0.952899
4167	6017	0.919923
4167	6018	0.965430
4173	5005	0.902036
4183	4186	0.902131
4188	4458	0.954612
4188	4880	0.924989
4188	5792	0.912748
4188	5934	0.948511
4194	4195	0.959667
4194	4281	0.932518
4194	5679	0.911701
4195	4268	0.922539
4195	4281	0.966926
4195	5575	0.911115
4195	5679	0.956078
4195	5933	0.922473
4196	4719	0.903039
4202	4325	0.930483
4211	4379	0.952523
4212	5015	0.949007
4219	4525	0.922430
4233	5644	0.942830
4243	4596	0.915054
4243	4646	0.918570
4243	5107	0.931090
4243	5354	0.943446
4243	5569	0.909521
4256	4628	0.905818
4262	4595	0.911305
4262	4685	0.935965
4262	4691	0.906919
4268	4281	0.904746
4268	4310	0.916386
4268	4630	0.921822
4268	5575	0.924429
4276	4504	0.910798
4276	5520	0.947410
4279	4504	0.932737
4279	4910	0.912749
4281	5575	0.909384
4281	5679	0.966326
4281	5693	0.931365
4281	5933	0.972167
4282	4460	0.917608
4286	4504	0.924157
4286	4686	0.926171
4293	4963	0.910701
4293	5486	0.902290
4297	5683	0.902063
4307	5758	0.920602
4310	4629	0.910825
4310	4630	0.908898
4310	5575	0.945168
4322	4325	0.914980
4324	4540	0.929567
4324	4633	0.925599
4324	4681	0.914850
4324	5061	0.935603
4332	5092	0.919110
4338	5570	0.906603
4350	4458	0.912318
4357	4401	0.933669
4362	4595	0.902105
4362	4685	0.915269
4362	5721	0.916573
4362	5748	0.903049
4379	4617	0.906584
4384	4527	0.908773
4384	5776	0.905420
4394	5026	0.916327
4397	4632	0.904053
4403	4488	0.902055
4403	4565	0.921730
4403	5530	0.901919
4439	4880	0.905394
4439	6016	0.900603
4446	5156	0.901007
4450	5918	0.906781
4455	4504	0.913209
4455	4845	0.917857
4458	4992	0.949489
4458	5074	0.901306
4458	5701	0.925708
4458	5792	0.944424
4458	5934	0.902680
4473	4639	0.928665
4473	4689	0.912756
4473	4997	0.951704
4473	5393	0.919358
4474	4809	0.907433
4483	4627	0.925423
4483	4779	0.944650
4488	4565	0.909967
4488	4850	0.945081
4488	5530	0.932520
4504	4845	0.942949
4504	4910	0.927413
4504	5974	0.930998
4510	5783	0.914421
4522	4687	0.927845
4525	5666	0.911980
4527	5169	0.909989
4529	5109	0.905595
4537	4864	0.934904
4540	4703	0.939944
4540	5061	0.949355
4545	4993	0.905445
4548	4620	0.904329
4552	4739	0.938053
4554	4675	0.909661
4556	5394	0.909837
4564	5675	0.911547
4565	4851	0.902543
4570	4930	0.901672
4575	5527	0.900284
4595	4596	0.900247
4595	4646	0.908114
4595	4685	0.930585
4596	4646	0.913876
4603	4604	0.983074
4603	5394	0.914797
4603	5395	0.922491
4603	5665	0.917497
4604	4768	0.906922
4614	5278	0.904195
4627	4779	0.907716
4629	4630	0.930813
4629	5575	0.925207
4629	5778	0.920022
4630	5575	0.950067
4630	5778	0.928424
4630	5970	0.945709
4632	4746	0.938674
4632	5197	0.900323
4632	5419	0.923084
4632	5457	0.912341
4632	5486	0.918514
4632	5551	0.948596
4633	4746	0.908890
4633	5419	0.900607
4633	5583	0.902750
4634	5486	0.904630
4638	5122	0.912501
4639	4997	0.943554
4646	4684	0.924128
4646	5569	0.914994
4649	4976	0.934440
4649	5411	0.908303
4653	5182	0.928240
4659	5059	0.929528
4667	5122	0.916037
4681	4819	0.954658
4681	5551	0.915004
4684	5569	0.904520
4685	4691	0.960327
4685	4879	0.925487
4686	5493	0.912377
4689	5380	0.913126
4689	5850	0.905336
4697	5394	0.915635
4722	5957	0.909979
4726	5291	0.902412
4746	5419	0.917058
4749	5104	0.963322
4764	5310	0.901750
4777	5834	0.904225
4779	5626	0.916964
4787	5666	0.905513
4792	5575	0.913058
4799	5266	0.928747
4799	5293	0.908409
4804	5002	0.946966
4806	5306	0.902792
4811	5361	0.900823
4819	5317	0.904502
4819	5456	0.904188
4819	5721	0.920040
4832	4852	0.901636
4850	4953	0.933609
4850	5730	0.917023
4856	5119	0.901328
4864	5531	0.917129
4871	5468	0.955668
4871	5701	0.943864
4879	5354	0.922129
4880	4909	0.907704
4880	5002	0.920284
4880	5691	0.906542
4880	5834	0.916193
4880	5934	0.913873
4880	6016	0.923096
4881	5259	0.909238
4883	5468	0.900183
4893	5409	0.904076
4897	4976	0.983215
4897	5411	0.909146
4904	5259	0.901947
4907	5573	0.900382
4909	5818	0.923810
4909	5934	0.946585
4909	6016	0.942630
4909	6018	0.921373
4910	5675	0.905639
4918	5394	0.922746
4918	5665	0.918935
4921	5107	0.904906
4921	5125	0.914302
4953	5730	0.943312
4963	5486	0.921609
4966	5412	0.917332
4966	5466	0.917148
4966	5992	0.905150
4976	5410	0.904977
4976	5411	0.915334
4992	5074	0.923396
4992	5223	0.914380
4992	5701	0.917936
4992	5792	0.936775
4995	5354	0.914228
4995	5355	0.904727
5002	5803	0.921031
5002	6017	0.905899
5021	5717	0.903856
5025	5315	0.922144
5027	5687	0.908906
5031	5228	0.903946
5061	5249	0.900161
5061	5507	0.903505
5064	5383	0.908523
5064	5569	0.918290
5066	5350	0.911543
5074	5792	0.907661
5074	5949	0.934317
5074	5988	0.900273
5107	5125	0.939025
5107	5294	0.947335
5107	5354	0.911792
5107	5625	0.901075
5112	5807	0.908514
5120	5378	0.902211
5122	5860	0.902875
5127	5799	0.914903
5130	5468	0.910221
5170	5707	0.913725
5170	5754	0.904310
5182	5792	0.901080
5182	5803	0.901275
5182	5818	0.911264
5182	5934	0.947166
5182	5949	0.939412
5182	6016	0.907010
5182	6018	0.914787
5194	5234	0.910577
5194	5844	0.905323
5201	5282	0.900877
5201	5627	0.922550
5205	5486	0.908449
5216	5234	0.912767
5216	5874	0.907225
5234	5874	0.909059
5249	5267	0.911614
5249	5748	0.925121
5254	5829	0.913081
5278	5341	0.919644
5293	5625	0.900021
5294	5551	0.914265
5294	5632	0.956147
5313	5689	0.902956
5313	5850	0.931500
5313	5856	0.953308
5317	5721	0.904036
5328	5892	0.911324
5335	5912	0.912179
5343	5468	0.913173
5353	5856	0.901570
5354	5684	0.910848
5354	5926	0.910783
5394	5395	0.975266
5394	5665	0.908343
5399	5684	0.901944
5406	5408	0.903505
5410	5411	0.917495
5422	5969	0.933364
5424	5874	0.943423
5429	5855	0.917778
5445	5573	0.904601
5451	5644	0.942748
5452	5663	0.910709
5454	5644	0.913505
5456	5802	0.911872
5479	5499	0.911498
5486	5625	0.913979
5494	5658	0.913858
5546	5777	0.938325
5551	5632	0.939042
5569	5802	0.934307
5575	5778	0.926628
5575	5970	0.906040
5598	5762	0.909732
5618	5620	0.959279
5626	5703	0.903515
5626	5986	0.933690
5630	5842	0.913664
5632	5951	0.914153
5658	5855	0.918145
5679	5933	0.947617
5689	5707	0.934516
5689	5856	0.937590
5691	5792	0.916194
5691	5949	0.910083
5693	5933	0.959017
5707	5856	0.916081
5746	5777	0.901887
5758	5989	0.906025
5760	5880	0.910168
5792	5949	0.947544
5803	5934	0.915860
5803	6016	0.949970
5803	6017	0.946361
5818	5934	0.901660
5818	6016	0.950418
5818	6017	0.938994
5818	6018	0.975416
5853	5875	0.906087
5899	5901	0.914364
5934	6016	0.944886
5934	6018	0.908072
5949	5988	0.913951
5949	5989	0.936545
5988	5989	0.944900
5988	6018	0.904733
5989	6018	0.930601
6016	6017	0.969265
6016	6018	0.946926
6017	6018	0.922525
